3,2
3,1
3,3
10,85
10,35
10,233
10,99
10,221
10,295
10,113
10,251
11,27
11,19
11,24
11,5
11,11
9,2
9,3
8,8
8,10
8,5
8,7
8,13
8,14
61,6
61,5
61,4
61,3
61,2
61,1
61,0
59,5
59,4
59,3
59,2
59,1
59,0
58,5
58,4
58,3
58,2
58,1
58,0
51,4
51,3
51,2
51,1
51,0
46,5
46,4
46,3
46,2
46,1
29,4
29,3
29,2
29,1
27,5
27,1
20,3
20,2
20,1
19,3
19,2
19,1
12,3
12,2
12,1
11,26
11,22
11,20
11,18
11,17
11,14
11,12
11,10
11,9
11,8
11,7
11,4
11,3
11,2
11,1
10,303
10,268
10,267
10,258
10,243
10,232
10,224
10,212
10,206
10,202
18,1
10,199
18,3
10,194
10,180
10,177
14,1
10,158
14,3
10,144
13,1
